0 0 1
0 1 1
0 2 1
0 4 1
0 5 1
0 9 0
0 10 1
0 11 1
0 12 1
0 13 1
0 14 1
0 17 1
0 18 1
0 19 1
0 20 1
0 21 1
0 25 1
0 29 1
0 33 1
0 35 1
0 37 1
0 40 1
0 41 1
0 45 1
1 0 1
1 1 1
1 2 1
2 0 1
2 1 1
2 2 1
2 3 0
3 0 1
3 1 1
3 2 1
3 3 0
6 2 1
6 4 1
6 5 1
7 2 1
7 6 0
7 7 1
7 8 1
9 2 1
10 2 1
10 6 0
10 8 1
12 2 1
12 4 1
12 5 1
13 2 1
14 2 1
14 6 0
17 10 0
17 11 1
21 11 1
21 13 1
21 14 1
21 15 0
26 11 1
26 14 1
26 16 0
30 17 1
32 18 1
34 11 1
36 21 1
37 22 1
38 21 1
39 24 1
40 23 0
40 27 0
42 26 1
43 21 1
44 28 1
45 23 0
45 27 0
47 30 1
48 21 1
49 31 1
50 32 1
51 23 0
51 27 0
53 30 1
54 32 1
55 31 1
56 34 1
57 23 0
57 27 0
59 30 1
60 32 1
61 36 1
62 27 0
62 23 0
64 38 1
65 39 1
66 38 1
67 23 0
67 27 0
69 31 1
70 21 1
71 36 1
72 36 1
73 23 0
73 27 0
75 42 1
76 43 1
77 23 0
77 27 0
79 34 1
80 33 1
81 23 0
81 27 0
83 36 1
84 44 1
85 23 0
85 27 0
89 11 1