0 0 1
0 1 1
0 2 7
0 4 6
0 5 6
0 9 16
0 10 17
0 11 89
0 12 20
0 13 21
0 14 26
0 17 30
0 18 32
0 19 34
0 20 36
0 21 83
0 25 42
0 29 47
0 33 53
0 35 59
0 37 64
0 40 69
0 41 75
0 45 79
1 0 1
1 1 2
1 2 1
2 0 3
2 1 3
2 2 3
2 3 5
3 0 3
3 1 3
3 2 3
3 3 4
6 2 7
7 2 7
7 6 8
7 7 9
7 8 12
9 2 10
10 2 10
10 6 11
10 8 12
12 2 14
12 4 13
12 5 13
13 2 14
14 2 14
14 6 15
17 10 18
17 11 19
21 11 25
21 13 24
21 14 23
21 15 22
26 11 29
26 14 28
26 16 27
30 17 31
32 18 33
34 11 35
36 21 37
37 22 38
38 21 39
39 24 40
40 23 1
40 27 41
42 26 43
43 21 44
44 28 45
45 23 1
45 27 46
47 30 48
48 21 49
49 31 50
50 32 51
51 23 1
51 27 52
53 30 54
54 32 55
55 31 56
56 34 57
57 23 1
57 27 58
59 30 60
60 32 61
61 36 62
62 27 1
62 23 63
64 38 65
65 39 66
66 38 67
67 23 1
67 27 68
69 31 70
70 21 71
71 36 72
72 36 73
73 23 1
73 27 74
75 42 76
76 43 77
77 23 1
77 27 78
79 34 80
80 33 81
81 23 1
81 27 82
83 36 84
84 44 85
85 23 1
85 27 86
89 11 90